$ 1 0.000005 10.20027730826997 50 5 50 5e-11
7411 944 304 1184 304 0
w 1072 304 1232 304 0
R 1232 304 1232 240 0 0 40 5 0 0 0.5
s 1072 336 1232 336 0 1 false
w 1232 304 1232 336 0
w 848 336 848 304 0
R 848 304 848 240 0 0 40 5 0 0 0.5
162 1072 368 1200 368 2 default-led 1 0 0 0.01
r 1200 496 1200 544 0 200
w 1200 368 1200 496 0
162 1072 496 1200 496 2 default-led 1 0 0 0.01
162 944 464 848 464 2 default-led 1 0 0 0.01
r 848 528 848 464 0 200
s 848 304 944 304 0 1 false
s 848 336 944 336 0 1 false
w 848 336 848 368 0
w 848 368 848 400 0
w 848 400 848 432 0
s 848 368 944 368 0 1 false
s 848 400 944 400 0 1 false
s 848 432 944 432 0 1 false
s 1072 400 1232 400 0 1 false
s 1072 432 1232 432 0 1 false
s 1072 464 1232 464 0 1 false
w 1232 336 1232 400 0
w 1232 400 1232 432 0
w 1232 432 1232 464 0
g 848 528 848 560 0 0
w 848 528 944 528 0
g 1200 544 1200 560 0 0
w 944 496 944 528 0
