$ 1 0.000005 10.20027730826997 50 5 50 5e-11
4026 528 240 640 240 0 0 false false false true
R 736 176 736 96 0 0 40 5 0 0 0.5
w 736 176 736 240 0
w 736 240 656 240 0
w 528 272 432 272 0
w 736 176 432 176 0
w 432 176 432 272 0
w 528 304 432 304 0
w 528 336 432 336 0
w 528 432 432 432 0
w 432 304 432 336 0
w 432 336 432 432 0
g 432 432 432 544 0 0
w 528 240 352 240 0
r 352 240 352 432 0 10000
g 352 432 352 544 0 0
w 432 176 352 176 0
157 800 304 880 304 0 7 0 0
w 672 272 720 272 0
w 672 272 656 272 0
w 720 272 720 336 0
w 720 336 800 336 0
w 656 304 800 304 0
w 896 432 896 464 0
w 656 336 672 336 0
w 672 336 688 336 0
w 688 336 688 496 0
w 896 464 896 496 0
w 896 496 688 496 0
w 928 432 928 512 0
w 656 368 704 368 0
w 704 368 704 512 0
w 704 512 928 512 0
w 656 400 720 400 0
w 720 400 720 480 0
w 720 480 864 480 0
w 864 432 864 480 0
w 656 432 800 432 0
w 800 400 800 432 0
w 800 368 768 368 0
w 768 368 768 464 0
w 656 464 768 464 0
s 352 240 352 176 0 1 true
