$ 1 0.000005 10.20027730826997 50 5 50 5e-11
4017 672 192 832 192 2 0 false false
w 672 192 672 128 0
R 672 128 672 64 0 0 40 5 0 0 0.5
w 672 224 576 224 0
w 576 128 672 128 0
w 672 288 576 288 0
w 672 320 576 320 0
w 576 288 576 320 0
w 576 320 576 352 0
w 576 352 576 464 0
g 576 464 576 528 0 0
w 512 128 576 128 0
w 512 224 576 224 0
r 512 224 512 384 0 10000
g 512 384 512 528 0 0
s 512 224 512 128 0 1 true
162 800 192 912 192 2 default-led 1 0 0 0.01
162 800 224 912 224 2 default-led 1 0 0 0.01
162 800 256 912 256 2 default-led 1 0 0 0.01
162 800 288 912 288 2 default-led 1 0 0 0.01
162 800 320 912 320 2 default-led 1 0 0 0.01
162 800 352 912 352 2 default-led 1 0 0 0.01
162 800 384 912 384 2 default-led 1 0 0 0.01
162 800 416 912 416 2 default-led 1 0 0 0.01
162 800 448 912 448 2 default-led 1 0 0 0.01
162 800 480 912 480 2 default-led 1 0 0 0.01
w 912 192 912 224 0
w 912 224 912 256 0
w 912 256 912 288 0
w 912 288 912 320 0
w 912 320 912 352 0
w 912 352 912 384 0
w 912 384 912 416 0
w 912 416 912 448 0
w 912 448 912 480 0
w 912 320 976 320 0
r 976 320 976 432 0 100
g 976 432 976 528 0 0
w 672 352 576 352 0
