$ 1 0.000005 11.086722712598126 54 5 50 5e-11
165 464 256 560 256 14 5
w 464 352 432 352 0
w 464 384 432 384 0
w 432 352 432 384 0
g 560 448 560 480 0 0
R 608 224 608 176 0 0 40 5 0 0 0.5
w 592 288 608 288 0
w 608 224 608 288 0
w 528 224 608 224 0
r 656 320 656 432 0 500
g 656 432 656 480 0 0
c 432 384 432 448 4 1.0000000000000001e-7 3.243961292516684 0.001 0
w 560 416 560 448 0
w 432 288 464 288 0
r 432 224 528 224 0 1000
g 432 448 432 480 0 0
c 592 320 656 320 4 0.000001 4.999999999999998 0.001 0
w 432 224 432 288 0
r 432 224 352 224 0 10000
r 352 224 352 288 0 3000
r 320 288 256 288 0 1000
r 256 288 208 288 0 2000
r 208 288 160 288 0 2000
r 160 288 112 288 0 2000
r 112 288 64 288 0 1000
r 64 288 16 288 0 3000
r 16 288 -32 288 0 3000
w 432 352 320 352 0
w 320 288 352 288 0
s 320 352 320 288 0 1 true
s 256 352 256 288 0 1 true
s 208 352 208 288 0 1 true
s 160 352 160 288 0 1 true
s 112 352 112 288 0 1 true
s 64 352 64 288 0 1 true
s 16 352 16 288 0 1 true
s -32 352 -32 288 0 1 true
w -32 352 16 352 0
w 16 352 64 352 0
w 64 352 112 352 0
w 112 352 160 352 0
w 160 352 208 352 0
w 208 352 256 352 0
w 256 352 320 352 0
o 9 64 0 4107 0.0000762939453125 0.00009765625 0 2 9 3
