$ 1 0.000005 1.500424758475255 50 5 50 5e-11
154 144 272 272 272 0 2 0 5
154 336 256 464 256 0 2 0 5
w 272 272 304 272 0
w 304 272 336 272 0
w 336 160 272 160 0
w 336 240 272 240 0
w 272 240 272 224 0
w 272 224 144 224 0
w 272 160 272 224 0
w 288 128 464 128 0
M 592 160 624 160 2 2.5
w 112 288 144 288 0
w 144 112 80 112 0
w 80 112 80 256 0
w 80 256 144 256 0
L 80 256 48 256 2 0 false 5 0
L 112 288 48 288 2 0 false 5 0
L 144 224 48 224 2 0 false 5 0
w 144 144 112 144 0
w 112 144 112 288 0
w 464 128 464 144 0
w 336 192 304 192 0
w 304 192 304 272 0
w 464 256 576 256 0
w 576 256 576 208 0
M 576 208 624 208 2 2.5
150 144 128 288 128 0 2 0 5
150 336 176 464 176 0 2 0 5
152 464 160 592 160 0 2 0 5
7408 32 416 112 416 0
7486 288 416 352 416 0
R 160 416 160 384 0 0 40 5 0 0 0.5
R 416 416 416 384 0 0 40 5 0 0 0.5
R 688 416 688 384 0 0 40 5 0 0 0.5
g 32 608 32 640 0 0
g 288 608 288 640 0 0
g 560 608 560 640 0 0
L -48 384 -96 384 2 0 false 5 0
w -48 384 -48 512 0
w -48 512 32 512 0
L -16 416 -96 416 2 0 false 5 0
L -16 448 -96 448 2 0 false 5 0
w -48 512 -48 528 0
w -48 528 224 528 0
w 224 528 224 512 0
w 224 512 288 512 0
w -16 416 32 416 0
w -16 448 32 448 0
w -16 416 -16 432 0
w -16 432 240 432 0
w 240 416 240 432 0
w 240 416 288 416 0
w -16 448 -16 464 0
w -16 464 240 464 0
w 240 448 240 464 0
w 240 448 288 448 0
w 288 480 240 480 0
w 240 480 240 544 0
w 32 544 32 560 0
w 32 560 240 560 0
7432 560 416 624 416 0
w 32 480 32 496 0
w 32 496 496 496 0
w 496 416 496 496 0
w 496 416 560 416 0
w 240 544 240 560 0
w 240 544 288 544 0
w 288 576 288 592 0
w 288 592 720 592 0
M 720 592 768 592 2 2.5
w 32 576 16 576 0
w 16 576 16 624 0
w 16 624 512 624 0
w 560 448 512 448 0
w 512 448 512 624 0
w 560 464 560 480 0
M 720 464 768 464 2 2.5
w 560 464 720 464 0
