$ 1 0.000005 1.500424758475255 50 5 50 5e-11
154 176 288 320 288 0 2 0 5
150 176 192 320 192 0 2 0 5
L 80 208 16 208 2 0 false 5 0
L 80 272 16 272 2 0 false 5 0
w 80 272 112 272 0
w 112 272 112 176 0
w 112 176 176 176 0
w 112 272 176 272 0
w 80 208 144 208 0
w 144 208 144 304 0
w 144 304 176 304 0
w 144 208 176 208 0
M 320 192 368 192 2 2.5
M 320 288 368 288 2 2.5
7408 176 368 256 368 0
7486 176 640 224 640 0
w 304 368 320 368 0
R 320 368 320 336 0 0 40 5 0 0 0.5
w 304 640 320 640 0
R 320 640 320 608 0 0 40 5 0 0 0.5
w 176 368 144 368 0
w 144 368 144 640 0
w 144 640 176 640 0
w 176 400 112 400 0
w 112 400 112 672 0
w 112 672 176 672 0
L 144 368 16 368 2 0 false 5 0
L 112 400 16 400 2 0 false 5 0
w 176 432 176 448 0
w 176 704 176 720 0
M 176 448 384 448 2 2.5
w 176 720 336 720 0
M 336 720 384 720 2 2.5
g 176 560 176 592 0 0
g 176 832 176 864 0 0
