$ 1 0.000005 10.20027730826997 50 5 50 5e-11
7432 592 320 672 320 0
w 720 320 736 320 0
R 736 320 736 256 0 0 40 5 0 0 0.5
w 592 512 576 512 0
g 576 512 576 544 0 0
L 592 320 512 320 2 0 false 5 0
L 592 352 512 352 2 0 false 5 0
M 592 384 464 384 2 2.5
L 592 416 512 416 2 0 false 5 0
L 592 448 512 448 2 0 false 5 0
M 592 480 480 480 2 2.5
L 720 352 784 352 2 0 false 5 0
L 720 384 784 384 2 0 false 5 0
M 720 416 832 416 2 2.5
L 720 448 784 448 2 0 false 5 0
L 720 480 784 480 2 0 false 5 0
M 720 512 832 512 2 2.5
