$ 1 0.000005 10.20027730826997 50 5 50 5e-11
7408 672 336 816 336 0
s 592 336 672 336 0 1 false
s 592 368 672 368 0 1 false
s 592 432 672 432 0 1 false
s 592 464 672 464 0 1 false
s 800 368 880 368 0 1 false
s 800 400 880 400 0 1 false
s 800 464 880 464 0 1 false
s 800 496 880 496 0 1 false
w 592 368 592 336 0
R 592 336 592 288 0 0 40 5 0 0 0.5
w 592 432 592 464 0
w 592 368 592 432 0
w 672 528 592 528 0
g 592 528 592 576 0 0
w 880 368 880 400 0
R 880 336 880 288 0 0 40 5 0 0 0.5
w 800 336 880 336 0
w 880 336 880 368 0
w 880 400 880 464 0
w 880 464 880 496 0
w 672 400 576 400 0
162 576 400 496 400 2 default-led 1 0 0 0.01
w 800 432 912 432 0
w 800 528 912 528 0
162 912 432 976 432 2 default-led 1 0 0 0.01
162 912 528 976 528 2 default-led 1 0 0 0.01
w 976 432 976 528 0
r 976 528 1040 528 0 100
g 1040 528 1040 576 0 0
w 672 496 560 496 0
162 560 496 496 496 2 default-led 1 0 0 0.01
w 496 400 496 496 0
r 496 496 432 496 0 100
g 432 496 432 576 0 0
