$ 1 0.000005 10.20027730826997 50 5 50 5e-11
7486 512 288 640 288 0
L 512 288 416 288 2 0 false 5 0
L 512 320 416 320 2 0 false 5 0
M 512 352 384 352 2 2.5
L 512 384 416 384 2 0 false 5 0
L 512 416 416 416 2 0 false 5 0
M 512 448 384 448 2 2.5
w 512 480 464 480 0
g 464 480 464 512 0 0
w 640 288 672 288 0
R 672 288 672 224 0 0 40 5 0 0 0.5
L 640 320 704 320 2 0 false 5 0
L 640 352 704 352 2 0 false 5 0
M 640 384 736 384 2 2.5
L 640 416 704 416 2 0 false 5 0
L 640 448 704 448 2 0 false 5 0
M 640 480 736 480 2 2.5
