$ 1 0.000005 10.20027730826997 50 5 50 5e-11
t 528 368 560 368 0 1 0 0.6926339066181771 100 default
162 624 320 624 416 2 default-led 1 0 0 0.01
w 560 384 560 416 0
w 560 416 624 416 0
w 560 352 560 320 0
w 560 320 624 320 0
r 560 320 560 272 0 100
R 560 272 560 240 0 0 40 5 0 0 0.5
w 528 368 496 368 0
s 496 368 496 320 0 0 false
w 496 320 560 320 0
g 560 416 560 448 0 0
R 400 304 400 240 0 0 40 5 0 0 0.5
162 400 304 400 368 2 default-led 1 0 0 0.01
r 400 368 400 416 0 100
g 400 416 400 448 0 0
