$ 1 0.000005 10.20027730826997 50 5 50 5e-11
w 544 464 624 464 0
r 544 384 544 464 0 100
c 496 384 544 384 4 0.00021999999999999998 1.932426845422548 0.001 0
w 416 464 544 464 0
w 416 272 624 272 0
v 624 464 624 272 0 0 40 5 0 0 0.5
w 320 368 352 368 0
w 416 272 416 352 0
w 224 272 416 272 0
r 224 336 224 272 0 2700
c 224 336 304 336 4 0.000001 0.6959702676632888 0.001 0
w 224 400 224 336 0
w 256 400 256 432 0
w 224 400 256 400 0
w 240 432 256 432 0
174 224 400 224 448 1 1000 0.5 Resistance
w 304 464 224 464 0
w 304 464 416 464 0
w 416 416 416 464 0
w 304 400 304 464 0
w 304 400 352 400 0
174 304 336 304 400 1 10000 0.5 Resistance
409 352 384 496 384 3 0.6 0 0.023100000000000002 2
o 6 64 0 x281012 0.15625 0.00009765625 0 2 8 0.3 0 6 3 0.000049999999999999996 0
o 1 64 0 x283012 2.023917602005466 0.0001 1 2 8 0.7000000000000001 0 1 3 0.0015625 0
