$ 1 0.000005 11.086722712598126 50 5 50 5e-11
165 464 256 560 256 14 0
w 464 352 432 352 0
w 464 384 432 384 0
w 432 352 432 384 0
g 560 448 560 480 0 0
R 608 224 608 176 0 0 40 5 0 0 0.5
w 592 288 608 288 0
w 608 224 608 288 0
w 528 224 608 224 0
162 592 320 656 320 2 default-led 1 0 0 0.01
r 656 320 656 432 0 100
g 656 432 656 480 0 0
c 432 384 432 448 4 1e-8 2.533432113049074 0.001 0
w 560 416 560 448 0
r 432 352 432 288 0 220000
w 432 288 464 288 0
r 432 288 432 224 0 1000
w 432 224 528 224 0
g 432 448 432 480 0 0
