$ 1 0.000005 10.20027730826997 50 5 50 5e-11
t 496 304 544 304 0 1 -3.995445061452304 0.21512824542573816 100 default
t 592 320 624 320 0 1 -4.210573306878042 0.33502582663547037 100 default
t 672 336 704 336 0 1 -3.5103230395101015 0.4544008664864874 100 default
R 544 288 544 240 0 0 40 5 0 0 0.5
R 624 304 624 240 0 0 40 5 0 0 0.5
R 704 272 704 240 0 0 40 5 0 0 0.5
w 544 320 592 320 0
w 624 336 672 336 0
r 496 304 432 304 0 10000000
R 336 304 336 240 0 0 40 5 0 0 0.5
s 336 304 432 304 0 1 false
162 704 272 704 320 2 default-led 1 0 0 0.01
g 704 352 704 432 0 0
w 336 304 336 352 0
w 592 320 592 352 0
r 496 352 432 352 0 10000000
s 336 352 432 352 0 1 false
w 496 352 592 352 0
w 336 352 336 400 0
s 336 400 432 400 0 1 false
r 432 400 496 400 0 10000000
w 672 336 672 400 0
w 496 400 672 400 0
o 15 64 3 4099 0.0000762939453125 0.00009765625 0 1
